9.41 55 11 03-12-2024
1.12 36 2 08-12-2024
7.89 62 10 06-12-2024
0.74 45 1 12-12-2024
3.29 41 5 10-12-2024
5.61 69 8 07-12-2024
0.92 32 1 13-12-2024
4.53 43 6 11-12-2024
6.87 71 9 01-12-2024
2.46 38 3 05-12-2024
6.18 60 7 12-12-2024
3.98 47 4 06-12-2024
9.57 72 11 03-12-2024
4.84 54 8 10-12-2024
7.25 63 9 08-12-2024
9.12 59 11 04-12-2024
3.51 34 5 11-12-2024
5.72 65 7 07-12-2024
1.87 37 2 12-12-2024
6.99 71 10 13-12-2024
9.02 60 12 05-12-2024
1.34 40 2 09-12-2024
7.61 53 10 04-12-2024
0.92 34 1 11-12-2024
3.58 48 5 10-12-2024
5.92 74 8 03-12-2024
2.47 51 3 12-12-2024
9.71 66 12 05-12-2024
4.21 39 6 08-12-2024
6.88 63 9 01-12-2024
1.19 30 2 13-12-2024
7.33 57 10 12-12-2024
2.68 42 4 07-12-2024
5.76 64 8 04-12-2024
3.14 38 5 06-12-2024
4.57 55 7 09-12-2024
6.49 49 9 12-12-2024
1.45 32 3 11-12-2024
7.20 61 10 03-12-2024
2.85 43 4 05-12-2024
2.001 64 2 14-12-2024
2.001 99 2 14-12-2024
0.855 77 3 14-12-2024
2.001 43 2 14-12-2024
2.001 60 2 14-12-2024
1.000 89 3 14-12-2024
1.000 90 3 14-12-2024
5.065 37 2 14-12-2024
3.000 23 3 14-12-2024
0.673 58 3 14-12-2024
1.000 80 3 14-12-2024
12.795 56 2 14-12-2024
13.777 85 2 14-12-2024
10.628 62 2 14-12-2024
8.592 83 2 14-12-2024
12.426 82 2 14-12-2024
4.927 42 1 14-12-2024
3.693 96 1 14-12-2024
7.289 58 1 14-12-2024
2.495 37 2 14-12-2024
2.611 4 2 14-12-2024
8.419 14 2 14-12-2024
0.901 96 2 15-12-2024
-nan 95 1 16-12-2024
6.096 75 1 17-12-2024
3.188 68 2 17-12-2024
6.085 88 1 17-12-2024
7.927 84 2 17-12-2024
16.710 31 3 17-12-2024
11.415 38 2 17-12-2024
6.108 28 2 17-12-2024
4.325 97 3 17-12-2024
10.704 52 2 17-12-2024
5.244 18 4 17-12-2024
12.357 17 2 17-12-2024
7.999 19 2 17-12-2024
2.270 71 3 17-12-2024
2.867 86 3 17-12-2024
