0.592 13 6 11-12-2024
0.556 91 6 11-12-2024
0.635 51 4 11-12-2024
0.805 22 4 11-12-2024
0.485 24 3 11-12-2024
0.469 4 4 11-12-2024
0.654 87 4 11-12-2024
0.953 11 4 11-12-2024
1.569 45 2 11-12-2024
1.290 96 1 11-12-2024
4.756 67 4 11-12-2024
1.407 20 4 11-12-2024
1.432 82 4 11-12-2024
1.251 92 4 11-12-2024
0.599 67 4 11-12-2024
3.748 74 4 11-12-2024
1.023 69 4 11-12-2024
1.521 80 4 11-12-2024
1.556 65 3 11-12-2024
1.172 56 3 11-12-2024
1.646 65 4 11-12-2024
1.403 83 3 11-12-2024
0.765 56 3 11-12-2024
0.921 94 3 11-12-2024
1.168 100 3 11-12-2024
1.038 84 3 11-12-2024
1.091 38 4 11-12-2024
1.199 51 2 11-12-2024
2.592 98 4 11-12-2024
1.281 75 3 11-12-2024
1.806 83 2 11-12-2024
1.123 62 3 12-12-2024
1.116 82 3 12-12-2024
1.018 78 2 12-12-2024
0.751 92 3 12-12-2024
1.037 99 2 12-12-2024
0.869 80 3 12-12-2024
1.062 78 4 12-12-2024
0.684 54 3 12-12-2024
1.113 47 3 12-12-2024
2.240 81 4 12-12-2024
1.324 63 4 12-12-2024
0.588 23 4 12-12-2024
0.829 35 3 12-12-2024
0.492 74 2 12-12-2024
0.697 39 3 12-12-2024
0.788 73 3 12-12-2024
0.547 71 2 12-12-2024
1.069 97 3 12-12-2024
0.811 100 2 12-12-2024
0.559 72 3 12-12-2024
1.236 100 5 12-12-2024
0.493 39 4 12-12-2024
0.866 41 3 12-12-2024
1.335 61 3 12-12-2024
1.851 99 2 12-12-2024
0.823 80 2 12-12-2024
0.858 56 3 12-12-2024
0.672 53 3 12-12-2024
0.904 26 4 12-12-2024
1.364 76 3 12-12-2024
0.596 60 2 12-12-2024
0.000 0 3 12-12-2024
0.000 36 2 12-12-2024
1.494 96 3 12-12-2024
0.984 96 2 12-12-2024
1.203 47 4 12-12-2024
1.715 83 2 12-12-2024
2.841 34 2 12-12-2024
4.477 95 2 12-12-2024
7.577 59 4 12-12-2024
4.133 48 2 12-12-2024
-nan 86 1 12-12-2024
0.554 54 4 12-12-2024
1.531 93 4 12-12-2024
1.231 85 3 12-12-2024
3.532 83 2 12-12-2024
2.870 63 2 12-12-2024
2.283 45 2 12-12-2024
3.694 88 2 12-12-2024
8.218 88 2 12-12-2024
13.656 15 2 12-12-2024
2.550 72 2 12-12-2024
-nan 78 1 12-12-2024
5.447 83 2 12-12-2024
-nan 83 1 12-12-2024
-nan 77 1 12-12-2024
4.395 32 2 12-12-2024
373.479 95 2 13-12-2024
9.238 60 1 13-12-2024
